# File generated by CMD 3.7 (http://stev.oapd.inaf.it/cmd) on Wed Sep 27 22:19:33 CEST 2023
# isochrones based on PARSEC release v1.2S +  COLIBRI S_37 + S_35 + PR16
# Basic references: Bressan et al. (2012), MNRAS, 427, 127 + Chen et al. (2014, 2015), MNRAS, 444, 2525 + MNRAS, 452, 1068 + Tang et al. (2014), MNRAS, 445, 4287 + Marigo et al. (2017), ApJ, 835, 77 + Pastorelli al. (2019), MNRAS, 485, 5666 + Pastorelli al. (2020), MNRAS, in press
# Thermal pulse cycles included 
# On RGB, assumed Reimers mass loss with efficiency eta=0.2
# LPV periods and growth rates added cf. Trabucchi et al. (2019)
# but fundamental-mode LPV periods are from Trabucchi et al. (2021)
# Photometric system: Gaia's DR2 G, G_BP and G_RP (Vegamags, Gaia passbands from Maiz-Apellaniz and Weiler 2018)
# Using YBC version of bolometric corrections as in Chen et al. (2019)
# O-rich circumstellar dpmod60alox40 dust from Groenewegen (2006)
# C-rich circumstellar AMCSIC15 dust from Groenewegen (2006)
# IMF: Kroupa (2001, 2002) + Kroupa et al. (2013) canonical two-part-power law IMF corrected for unresolved binaries 
# Kind of output: isochrone tables
Zini     MH   logAge Mini        int_IMF         Mass   logL    logTe  logg  label   McoreTP C_O  period0  period1  period2  period3  period4  pmode  Mloss  tau1m   X   Y   Xc  Xn  Xo  Cexcess  Z 	 mbolmag  Gmag    G_BPbrmag  G_BPftmag  G_RPmag
0.01471 0.00000 10.07918 0.0900000036 1.0816895926    0.090 -3.421  3.3635  5.219    1  0.000  0.545     0.00     0.00     0.00     0.00     0.00 -1 -3.91e-17      0.00 7.093e-01 2.759e-01 2.655e-03 7.163e-04 6.496e-03 -1.000 1.476e-02 13.322 15.370 18.285 18.332 13.892
0.01471 0.00000 10.07918 0.1000000015 1.1711064122    0.100 -3.237  3.3897  5.186    1  0.000  0.545     0.00     0.00     0.00     0.00     0.00 -1 -1.33e-20      0.00 7.088e-01 2.765e-01 2.655e-03 7.163e-04 6.496e-03 -1.000 1.476e-02 12.862 14.909 17.811 17.859 13.432
0.01471 0.00000 10.07918 0.1055228859 1.2156518026    0.105 -3.158  3.4001  5.172    1  0.000  0.545     0.00     0.00     0.00     0.00     0.00 -1 -1.41e-19      0.00 7.085e-01 2.768e-01 2.655e-03 7.163e-04 6.496e-03 -1.000 1.476e-02 12.666 14.712 17.609 17.656 13.235
0.01471 0.00000 10.07918 0.1200000048 1.3193154741    0.120 -2.970  3.4251  5.139    1  0.000  0.545     0.00     0.00     0.00     0.00     0.00 -1 -1.05e-16      0.00 7.077e-01 2.775e-01 2.655e-03 7.163e-04 6.496e-03 -1.000 1.476e-02 12.195 14.129 16.861 16.909 12.681
0.01471 0.00000 10.07918 0.1400000006 1.4384526719    0.140 -2.787  3.4449  5.103    1  0.000  0.545     0.00     0.00     0.00     0.00     0.00 -1 -3.16e-18      0.00 7.068e-01 2.784e-01 2.655e-03 7.163e-04 6.496e-03 -1.000 1.476e-02 11.739 13.405 15.781 15.828 12.026
0.01471 0.00000 10.07918 0.1450567693 1.4651046324    0.145 -2.750  3.4485  5.095    1  0.000  0.545     0.00     0.00     0.00     0.00     0.00 -1 -7.99e-18      0.00 7.066e-01 2.787e-01 2.655e-03 7.163e-04 6.496e-03 -1.000 1.476e-02 11.644 13.264 15.579 15.626 11.898
0.01471 0.00000 10.07918 0.1599999964 1.5372931554    0.160 -2.645  3.4585  5.074    1  0.000  0.545     0.00     0.00     0.00     0.00     0.00 -1 -1.44e-16      0.00 7.060e-01 2.793e-01 2.655e-03 7.163e-04 6.496e-03 -1.000 1.476e-02 11.383 12.876 15.015 15.063 11.546
0.01471 0.00000 10.07918 0.2000000030 1.6938790862    0.200 -2.424  3.4773  5.024    1  0.000  0.545     0.00     0.00     0.00     0.00     0.00 -1 -2.71e-16      0.00 7.047e-01 2.806e-01 2.655e-03 7.163e-04 6.496e-03 -1.000 1.476e-02 10.831 12.107 13.959 14.006 10.842
0.01471 0.00000 10.07918 0.2500000000 1.8403257998    0.250 -2.209  3.4934  4.971    1  0.000  0.545     0.00     0.00     0.00     0.00     0.00 -1  -1.9e-17      0.00 7.037e-01 2.815e-01 2.655e-03 7.163e-04 6.496e-03 -1.000 1.476e-02 10.293 11.399 13.029 13.076 10.193
0.01471 0.00000 10.07918 0.3000000119 1.9529139769    0.300 -2.044  3.5039  4.927    1  0.000  0.545     0.00     0.00     0.00     0.00     0.00 -1 -4.27e-20      0.00 7.035e-01 2.817e-01 2.655e-03 7.163e-04 6.496e-03 -1.000 1.476e-02 9.881 10.894 12.412 12.459 9.721
0.01471 0.00000 10.07918 0.3500000238 2.0434175133    0.350 -1.899  3.5126  4.883    1  0.000  0.545     0.00     0.00     0.00     0.00     0.00 -1 -5.57e-19      0.00 7.103e-01 2.749e-01 2.655e-03 7.163e-04 6.496e-03 -1.000 1.476e-02 9.517 10.460 11.893 11.940 9.314
0.01471 0.00000 10.07918 0.4000000358 2.1185024810    0.400 -1.754  3.5237  4.841    1  0.000  0.545     0.00     0.00     0.00     0.00     0.00 -1 -1.33e-15      0.00 7.106e-01 2.746e-01 2.655e-03 7.163e-04 6.496e-03 -1.000 1.476e-02 9.155 10.014 11.351 11.398 8.901
0.01471 0.00000 10.07918 0.4500000179 2.1822809362    0.450 -1.602  3.5363  4.791    1  0.000  0.545     0.00     0.00     0.00     0.00     0.00 -1 -1.88e-15      0.00 7.107e-01 2.746e-01 2.655e-03 7.163e-04 6.496e-03 -1.000 1.476e-02 8.776 9.551 10.794 10.841 8.473
0.01471 0.00000 10.07918 0.5000000000 2.2374541529    0.500 -1.441  3.5521  4.739    1  0.000  0.545     0.00     0.00     0.00     0.00     0.00 -1 -2.75e-15      0.00 7.107e-01 2.745e-01 2.655e-03 7.163e-04 6.496e-03 -1.000 1.476e-02 8.373 9.048 10.187 10.234 8.015
0.01471 0.00000 10.07918 0.5084559917 2.2460046408    0.508 -1.409  3.5558  4.728    1  0.000  0.545     0.00     0.00     0.00     0.00     0.00 -1 -2.97e-15      0.00 7.153e-01 2.701e-01 2.615e-03 7.056e-04 6.399e-03 -1.000 1.454e-02 8.292 8.945 10.062 10.109 7.922
0.01471 0.00000 10.07918 0.5500000119 2.2836582633    0.550 -1.258  3.5731  4.680    1  0.000  0.545     0.00     0.00     0.00     0.00     0.00 -1 -4.28e-15      0.00 7.378e-01 2.488e-01 2.423e-03 6.539e-04 5.932e-03 -1.000 1.343e-02 7.914 8.463 9.476 9.524 7.488
0.01471 0.00000 10.07918 0.5779948235 2.3055514203    0.578 -1.156  3.5879  4.659    1  0.000  0.544     0.00     0.00     0.00     0.00     0.00 -1 -5.41e-15      0.00 7.400e-01 2.466e-01 2.405e-03 6.491e-04 5.890e-03 -1.000 1.336e-02 7.659 8.124 9.059 9.107 7.191
0.01471 0.00000 10.07918 0.6000000238 2.3211213258    0.600 -1.079  3.5990  4.643    1  0.000  0.544     0.00     0.00     0.00     0.00     0.00 -1 -6.45e-15      0.00 7.417e-01 2.450e-01 2.391e-03 6.455e-04 5.858e-03 -1.000 1.331e-02 7.467 7.877 8.760 8.809 6.972
0.01471 0.00000 10.07918 0.6499999762 2.3520353107    0.650 -0.894  3.6309  4.621    1  0.000  0.544     0.00     0.00     0.00     0.00     0.00 -1 -9.74e-15      0.00 7.453e-01 2.415e-01 2.363e-03 6.381e-04 5.791e-03 -1.000 1.320e-02 7.005 7.260 8.003 8.052 6.441
0.01471 0.00000 10.07918 0.7000000477 2.3779267258    0.700 -0.712  3.6630  4.599    1  0.000  0.544     0.00     0.00     0.00     0.00     0.00 -1 -1.46e-14      0.00 7.487e-01 2.382e-01 2.336e-03 6.309e-04 5.727e-03 -1.000 1.304e-02 6.551 6.653 7.260 7.307 5.926
0.01471 0.00000 10.07918 0.7135102749 2.3842105480    0.713 -0.663  3.6712  4.592    1  0.000  0.542     0.00     0.00     0.00     0.00     0.00 -1 -1.63e-14      0.00 7.498e-01 2.372e-01 2.318e-03 6.283e-04 5.706e-03 -1.000 1.301e-02 6.429 6.497 7.074 7.120 5.793
0.01471 0.00000 10.07918 0.7323749661 2.3925403397    0.732 -0.596  3.6825  4.580    1  0.000  0.539     0.00     0.00     0.00     0.00     0.00 -1 -1.91e-14      0.00 7.513e-01 2.358e-01 2.295e-03 6.248e-04 5.678e-03 -1.000 1.291e-02 6.259 6.286 6.825 6.870 5.611
0.01471 0.00000 10.07918 0.7500000000 2.3998889087    0.750 -0.532  3.6927  4.568    1  0.000  0.536     0.00     0.00     0.00     0.00     0.00 -1 -2.21e-14      0.00 7.527e-01 2.345e-01 2.273e-03 6.216e-04 5.652e-03 -1.000 1.283e-02 6.100 6.096 6.604 6.648 5.447
0.01471 0.00000 10.07918 0.7542558312 2.4016042383    0.754 -0.517  3.6948  4.564    1  0.000  0.536     0.00     0.00     0.00     0.00     0.00 -1 -2.29e-14      0.00 7.531e-01 2.341e-01 2.270e-03 6.206e-04 5.643e-03 -1.000 1.280e-02 6.063 6.053 6.555 6.598 5.409
0.01471 0.00000 10.07918 0.7701683640 2.4078251562    0.770 -0.461  3.7025  4.548    1  0.000  0.536     0.00     0.00     0.00     0.00     0.00 -1 -2.63e-14      0.00 7.548e-01 2.324e-01 2.256e-03 6.170e-04 5.611e-03 -1.000 1.274e-02 5.923 5.891 6.371 6.412 5.266
0.01471 0.00000 10.07918 0.7849644423 2.4133501253    0.785 -0.408  3.7096  4.532    1  0.000  0.536     0.00     0.00     0.00     0.00     0.00 -1    -3e-14      0.00 7.563e-01 2.310e-01 2.244e-03 6.137e-04 5.582e-03 -1.000 1.270e-02 5.791 5.741 6.203 6.243 5.133
0.01471 0.00000 10.07918 0.7982953787 2.4181268288    0.798 -0.361  3.7158  4.516    1  0.000  0.536     0.00     0.00     0.00     0.00     0.00 -1 -2.16e-14      0.00 7.577e-01 2.296e-01 2.233e-03 6.108e-04 5.555e-03 -1.000 1.266e-02 5.672 5.609 6.054 6.093 5.015
0.01471 0.00000 10.07918 0.8000000119 2.4187244405    0.800 -0.355  3.7166  4.514    1  0.000  0.536     0.00     0.00     0.00     0.00     0.00 -1 -3.43e-14      0.00 7.579e-01 2.295e-01 2.232e-03 6.105e-04 5.552e-03 -1.000 1.266e-02 5.657 5.592 6.035 6.074 5.000
0.01471 0.00000 10.07918 0.8020415902 2.4194363354    0.802 -0.347  3.7175  4.511    1  0.000  0.536     0.00     0.00     0.00     0.00     0.00 -1 -3.49e-14      0.00 7.581e-01 2.292e-01 2.230e-03 6.099e-04 5.547e-03 -1.000 1.265e-02 5.638 5.571 6.013 6.051 4.981
0.01471 0.00000 10.07918 0.8160741925 2.4242188487    0.815 -0.296  3.7236  4.492    1  0.000  0.536     0.00     0.00     0.00     0.00     0.00 -1 -3.98e-14      0.00 7.598e-01 2.276e-01 2.216e-03 6.063e-04 5.515e-03 -1.000 1.255e-02 5.510 5.432 5.858 5.896 4.855
0.01471 0.00000 10.07918 0.8294835091 2.4286154964    0.829 -0.247  3.7292  4.472    1  0.000  0.536     0.00     0.00     0.00     0.00     0.00 -1 -4.53e-14      0.00 7.614e-01 2.261e-01 2.203e-03 6.029e-04 5.485e-03 -1.000 1.250e-02 5.386 5.298 5.712 5.748 4.733
0.01471 0.00000 10.07918 0.8420695066 2.4325960287    0.841 -0.199  3.7342  4.451    1  0.000  0.536     0.00     0.00     0.00     0.00     0.00 -1 -1.14e-14      0.00 7.629e-01 2.246e-01 2.192e-03 5.997e-04 5.456e-03 -1.000 1.243e-02 5.268 5.171 5.573 5.609 4.618
0.01471 0.00000 10.07918 0.8500000238 2.4350346840    0.849 -0.169  3.7373  4.437    1  0.000  0.536     0.00     0.00     0.00     0.00     0.00 -1 -5.56e-14      0.00 7.638e-01 2.238e-01 2.185e-03 5.978e-04 5.439e-03 -1.000 1.237e-02 5.193 5.091 5.485 5.520 4.544
0.01471 0.00000 10.07918 0.8535813093 2.4361188742    0.853 -0.155  3.7386  4.430    1  0.000  0.535     0.00     0.00     0.00     0.00     0.00 -1 -5.78e-14      0.00 7.644e-01 2.233e-01 2.180e-03 5.967e-04 5.429e-03 -1.000 1.234e-02 5.158 5.054 5.445 5.480 4.511
0.01471 0.00000 10.07918 0.8663640022 2.4399047621    0.865 -0.104  3.7430  4.404    1  0.000  0.535     0.00     0.00     0.00     0.00     0.00 -1 -6.64e-14      0.00 7.662e-01 2.216e-01 2.166e-03 5.929e-04 5.396e-03 -1.000 1.229e-02 5.031 4.921 5.302 5.335 4.388
0.01471 0.00000 10.07918 0.8782279491 2.4433053768    0.877 -0.056  3.7468  4.376    1  0.000  0.535     0.00     0.00     0.00     0.00     0.00 -1 -7.61e-14      0.00 7.677e-01 2.200e-01 2.154e-03 5.895e-04 5.365e-03 -1.000 1.222e-02 4.910 4.796 5.168 5.200 4.272
0.01471 0.00000 10.07918 0.8900210857 2.4465825741    0.889 -0.007  3.7501  4.346    1  0.000  0.535     0.00     0.00     0.00     0.00     0.00 -1 -8.74e-14      0.00 7.692e-01 2.186e-01 2.142e-03 5.865e-04 5.338e-03 -1.000 1.214e-02 4.788 4.672 5.036 5.067 4.155
0.01471 0.00000 10.07918 0.8999999762 2.4492786016    0.899  0.034  3.7524  4.319    1  0.000  0.535     0.00     0.00     0.00     0.00     0.00 -1 -9.86e-14      0.00 7.703e-01 2.177e-01 2.135e-03 5.844e-04 5.320e-03 -1.000 1.207e-02 4.685 4.567 4.926 4.957 4.056
0.01471 0.00000 10.07918 0.9007508755 2.4494786970    0.900  0.037  3.7525  4.317    1  0.000  0.535     0.00     0.00     0.00     0.00     0.00 -1 -9.95e-14      0.00 7.704e-01 2.176e-01 2.134e-03 5.842e-04 5.318e-03 -1.000 1.206e-02 4.678 4.559 4.917 4.948 4.049
0.01471 0.00000 10.07918 0.9123951197 2.4525331771    0.911  0.088  3.7546  4.280    1  0.000  0.535     0.00     0.00     0.00     0.00     0.00 -1 -1.16e-13      0.00 7.707e-01 2.173e-01 2.132e-03 5.839e-04 5.315e-03 -1.000 1.207e-02 4.549 4.429 4.782 4.813 3.924
0.01471 0.00000 10.07918 0.9140762091 2.4529667683    0.913  0.096  3.7549  4.274    1  0.000  0.535     0.00     0.00     0.00     0.00     0.00 -1 -1.19e-13      0.00 7.705e-01 2.174e-01 2.134e-03 5.842e-04 5.318e-03 -1.000 1.207e-02 4.530 4.410 4.762 4.792 3.905
0.01471 0.00000 10.07918 0.9216974974 2.4549096776    0.920  0.132  3.7557  4.244    1  0.000  0.535     0.00     0.00     0.00     0.00     0.00 -1 -1.33e-13      0.00 7.696e-01 2.183e-01 2.143e-03 5.867e-04 5.340e-03 -1.000 1.215e-02 4.439 4.319 4.669 4.699 3.816
0.01471 0.00000 10.07918 0.9289576411 2.4567264635    0.928  0.168  3.7558  4.213    1  0.000  0.535     0.00     0.00     0.00     0.00     0.00 -1 -1.49e-13      0.00 7.684e-01 2.194e-01 2.154e-03 5.898e-04 5.369e-03 -1.000 1.223e-02 4.351 4.230 4.579 4.609 3.728
0.01471 0.00000 10.07918 0.9373265505 2.4587806021    0.936  0.210  3.7550  4.171    1  0.000  0.535     0.00     0.00     0.00     0.00     0.00 -1 -1.72e-13      0.00 7.660e-01 2.216e-01 2.177e-03 5.962e-04 5.428e-03 -1.000 1.236e-02 4.244 4.124 4.475 4.505 3.621
0.01471 0.00000 10.07918 0.9418849945 2.4598818232    0.940  0.234  3.7541  4.145    1  0.000  0.535     0.00     0.00     0.00     0.00     0.00 -1 -1.87e-13      0.00 7.644e-01 2.231e-01 2.193e-03 6.005e-04 5.467e-03 -1.000 1.245e-02 4.185 4.065 4.418 4.449 3.560
0.01471 0.00000 10.07918 0.9450109005 2.4606299167    0.943  0.251  3.7525  4.124    1  0.000  0.535     0.00     0.00     0.00     0.00     0.00 -1 -1.68e-13      0.00 7.617e-01 2.258e-01 2.218e-03 6.074e-04 5.530e-03 -1.000 1.257e-02 4.143 4.025 4.381 4.412 3.516
0.01471 0.00000 10.07918 0.9499999881 2.4618121868    0.949  0.278  3.7497  4.088    2  0.000  0.535     0.00     0.00     0.00     0.00     0.00 -1 -2.19e-13      0.00 7.567e-01 2.305e-01 2.263e-03 6.196e-04 5.642e-03 -1.000 1.278e-02 4.076 3.961 4.323 4.355 3.446
0.01471 0.00000 10.07918 0.9500377774 2.4618210873    0.949  0.278  3.7497  4.088    2  0.000  0.535     0.00     0.00     0.00     0.00     0.00 -1 -2.19e-13      0.00 7.567e-01 2.305e-01 2.263e-03 6.197e-04 5.643e-03 -1.000 1.278e-02 4.075 3.961 4.323 4.354 3.446
0.01471 0.00000 10.07918 0.9564742446 2.4633252734    0.955  0.310  3.7412  4.025    2  0.000  0.535     0.00     0.00     0.00     0.00     0.00 -1 -2.53e-13      0.00 7.473e-01 2.394e-01 2.341e-03 6.410e-04 5.833e-03 -1.000 1.329e-02 3.996 3.891 4.270 4.303 3.359
0.01471 0.00000 10.07918 0.9599400759 2.4641256278    0.958  0.321  3.7319  3.978    2  0.000  0.536     0.00     0.00     0.00     0.00     0.00 -1 -2.74e-13      0.00 7.405e-01 2.459e-01 2.394e-03 6.550e-04 5.959e-03 -1.000 1.358e-02 3.968 3.877 4.276 4.310 3.325
0.01471 0.00000 10.07918 0.9620922804 2.4646192939    0.961  0.325  3.7231  3.940    2  0.000  0.536     0.00     0.00     0.00     0.00     0.00 -1  -2.9e-13      0.00 7.357e-01 2.506e-01 2.430e-03 6.647e-04 6.045e-03 -1.000 1.373e-02 3.957 3.882 4.301 4.337 3.312
0.01471 0.00000 10.07918 0.9639055133 2.4650332407    0.962  0.333  3.7138  3.896    2  0.000  0.536     0.00     0.00     0.00     0.00     0.00 -1  -3.1e-13      0.00 7.315e-01 2.546e-01 2.461e-03 6.729e-04 6.118e-03 -1.000 1.392e-02 3.938 3.883 4.322 4.360 3.293
0.01471 0.00000 10.07918 0.9656449556 2.4654286620    0.964  0.353  3.7049  3.840    2  0.000  0.537     0.00     0.00     0.00     0.00     0.00 -1 -3.45e-13      0.00 7.274e-01 2.585e-01 2.489e-03 6.803e-04 6.184e-03 -1.000 1.408e-02 3.886 3.851 4.312 4.351 3.242
0.01471 0.00000 10.07918 0.9671682715 2.4657736089    0.966  0.388  3.6984  3.781    2  0.000  0.537     0.00     0.00     0.00     0.00     0.00 -1 -3.98e-13      0.00 7.237e-01 2.621e-01 2.511e-03 6.862e-04 6.236e-03 -1.000 1.419e-02 3.801 3.782 4.259 4.299 3.159
0.01471 0.00000 10.07918 0.9677653909 2.4659084828    0.966  0.405  3.6962  3.755    2  0.000  0.537     0.00     0.00     0.00     0.00     0.00 -1 -4.27e-13      0.00 7.222e-01 2.636e-01 2.519e-03 6.884e-04 6.255e-03 -1.000 1.422e-02 3.758 3.746 4.228 4.269 3.118
0.01471 0.00000 10.07918 0.9683815837 2.4660474644    0.967  0.429  3.6947  3.725    2  0.000  0.537     0.00     0.00     0.00     0.00     0.00 -1 -4.67e-13      0.00 7.206e-01 2.651e-01 2.526e-03 6.902e-04 6.272e-03 -1.000 1.424e-02 3.698 3.690 4.176 4.217 3.059
0.01471 0.00000 10.07918 0.9694123268 2.4662794932    0.968  0.472  3.6923  3.673    3  0.000  0.537     0.00     0.00     0.00     0.00     0.00 -1 -5.46e-13      0.00 7.178e-01 2.679e-01 2.535e-03 6.934e-04 6.298e-03 -1.000 1.430e-02 3.590 3.589 4.080 4.122 2.953
0.01471 0.00000 10.07918 0.9704890251 2.4665212617    0.969  0.524  3.6904  3.614    3  0.000  0.535     0.00     0.00     0.00     0.00     0.00 -1 -6.59e-13      0.00 7.144e-01 2.712e-01 2.538e-03 6.980e-04 6.322e-03 -1.000 1.437e-02 3.460 3.464 3.960 4.002 2.824
0.01471 0.00000 10.07918 0.9713602662 2.4667164445    0.970  0.571  3.6891  3.562    3  0.000  0.531     0.00     0.00     0.00     0.00     0.00 -1 -7.79e-13      0.00 7.114e-01 2.742e-01 2.524e-03 7.100e-04 6.338e-03 -1.000 1.440e-02 3.342 3.351 3.850 3.891 2.709
0.01471 0.00000 10.07918 0.9720905423 2.4668797371    0.970  0.614  3.6881  3.516    3  0.000  0.524     0.00     0.00     0.00     0.00     0.00 -1 -9.06e-13      0.00 7.088e-01 2.768e-01 2.497e-03 7.348e-04 6.350e-03 -1.000 1.444e-02 3.236 3.248 3.749 3.790 2.604
0.01471 0.00000 10.07918 0.9727880359 2.4670354363    0.971  0.658  3.6871  3.468    3  0.000  0.515     0.00     0.00     0.00     0.00     0.00 -1 -1.06e-12      0.00 7.063e-01 2.793e-01 2.454e-03 7.809e-04 6.360e-03 -1.000 1.448e-02 3.126 3.141 3.644 3.686 2.495
0.01471 0.00000 10.07918 0.9734422565 2.4671812426    0.972  0.702  3.6861  3.420    3  0.000  0.503     0.00     0.00     0.00     0.00     0.00 -1 -1.24e-12      0.00 7.039e-01 2.816e-01 2.404e-03 8.413e-04 6.368e-03 -1.000 1.452e-02 3.015 3.033 3.539 3.581 2.384
0.01471 0.00000 10.07918 0.9740537405 2.4673173205    0.972  0.747  3.6850  3.371    3  0.000  0.494     0.00     0.00     0.00     0.00     0.00 -1 -1.46e-12      0.00 7.019e-01 2.835e-01 2.360e-03 8.976e-04 6.374e-03 -1.000 1.454e-02 2.902 2.923 3.432 3.474 2.272
0.01471 0.00000 10.07918 0.9745778441 2.4674337968    0.973  0.789  3.6840  3.325    3  0.000  0.486     0.00     0.00     0.00     0.00     0.00 -1 -1.69e-12      0.00 7.004e-01 2.851e-01 2.326e-03 9.411e-04 6.378e-03 -1.000 1.455e-02 2.797 2.822 3.334 3.376 2.169
0.01471 0.00000 10.07918 0.9751155376 2.4675531437    0.973  0.835  3.6827  3.274    3  0.000  0.480     0.00     0.00     0.00     0.00     0.00 -1 -1.99e-12      0.00 6.989e-01 2.866e-01 2.297e-03 9.788e-04 6.382e-03 -1.000 1.455e-02 2.682 2.710 3.225 3.268 2.054
0.01471 0.00000 10.07918 0.9755753279 2.4676550791    0.974  0.878  3.6815  3.226    3  0.000  0.476     0.00     0.00     0.00     0.00     0.00 -1 -2.32e-12      0.00 6.979e-01 2.875e-01 2.279e-03 1.002e-03 6.385e-03 -1.000 1.456e-02 2.574 2.606 3.125 3.167 1.947
0.01471 0.00000 10.07918 0.9760009646 2.4677493442    0.974  0.921  3.6802  3.178    3  0.000  0.473     0.00     0.00     0.00     0.00     0.00 -1 -2.71e-12      0.00 6.971e-01 2.883e-01 2.264e-03 1.022e-03 6.387e-03 -1.000 1.456e-02 2.467 2.503 3.025 3.068 1.841
0.01471 0.00000 10.07918 0.9763756990 2.4678322579    0.974  0.962  3.6789  3.132    3  0.000  0.470     0.00     0.00     0.00     0.00     0.00 -1 -3.14e-12      0.00 6.965e-01 2.889e-01 2.254e-03 1.035e-03 6.389e-03 -1.000 1.455e-02 2.364 2.405 2.931 2.974 1.740
0.01471 0.00000 10.07918 0.9767258167 2.4679096587    0.975  1.004  3.6775  3.085    3  0.000  0.469     0.00     0.00     0.00     0.00     0.00 -1 -3.65e-12      0.00 6.961e-01 2.894e-01 2.247e-03 1.045e-03 6.390e-03 -1.000 1.453e-02 2.260 2.307 2.836 2.879 1.638
0.01471 0.00000 10.07918 0.9770539403 2.4679821394    0.975  1.046  3.6760  3.037    3  0.000  0.468     0.00     0.00     0.00     0.00     0.00 -1 -4.24e-12      0.00 6.958e-01 2.897e-01 2.242e-03 1.051e-03 6.390e-03 -1.000 1.453e-02 2.156 2.207 2.741 2.785 1.535
0.01471 0.00000 10.07918 0.9773590565 2.4680494877    0.975  1.088  3.6744  2.988    3  0.000  0.467     0.00     0.00     0.00     0.00     0.00 -1 -4.95e-12      0.00 6.956e-01 2.899e-01 2.239e-03 1.055e-03 6.391e-03 -1.000 1.454e-02 2.050 2.107 2.645 2.689 1.431
0.01471 0.00000 10.07918 0.9776258469 2.4681083367    0.976  1.128  3.6728  2.942    3  0.000  0.467     0.00     0.00     0.00     0.00     0.00 -1 -5.72e-12      0.00 6.955e-01 2.899e-01 2.238e-03 1.056e-03 6.391e-03 -1.000 1.455e-02 1.950 2.012 2.555 2.599 1.333
0.01471 0.00000 10.07918 0.9778736234 2.4681629585    0.976  1.168  3.6711  2.896    3  0.000  0.467     0.00     0.00     0.00     0.00     0.00 -1 -6.61e-12      0.00 6.955e-01 2.899e-01 2.238e-03 1.057e-03 6.392e-03 -1.000 1.455e-02 1.850 1.918 2.465 2.510 1.235
0.01471 0.00000 10.07918 0.9781697989 2.4682282080    0.976  1.221  3.6688  2.834    3  0.000  0.467     0.00     0.00     0.00     0.00     0.00 -1 -8.01e-12      0.00 6.955e-01 2.899e-01 2.238e-03 1.057e-03 6.392e-03 -1.000 1.455e-02 1.719 1.795 2.349 2.393 1.107
0.01471 0.00000 10.07918 0.9783766270 2.4682737467    0.976  1.260  3.6671  2.788    3  0.000  0.467     0.00     0.00     0.00     0.00     0.00 -1 -9.25e-12      0.00 6.955e-01 2.899e-01 2.237e-03 1.057e-03 6.392e-03 -1.000 1.455e-02 1.620 1.703 2.262 2.307 1.012
0.01471 0.00000 10.07918 0.9786243439 2.4683282591    0.976  1.311  3.6647  2.727    3  0.000  0.467     0.00     0.00     0.00     0.00     0.00 -1 -1.12e-11      0.00 6.955e-01 2.900e-01 2.237e-03 1.058e-03 6.392e-03 -1.000 1.455e-02 1.492 1.584 2.150 2.195 0.887
0.01471 0.00000 10.07918 0.9788500667 2.4683779038    0.976  1.362  3.6622  2.667    3  0.000  0.467     0.00     0.00     0.00     0.00     0.00 -1 -1.34e-11      0.00 6.955e-01 2.900e-01 2.237e-03 1.058e-03 6.392e-03 -1.000 1.455e-02 1.365 1.467 2.040 2.085 0.765
0.01471 0.00000 10.07918 0.9790600538 2.4684240641    0.976  1.411  3.6598  2.608    3  0.000  0.467     0.00     0.00     0.00     0.00     0.00 -1 -1.61e-11      0.00 6.955e-01 2.900e-01 2.237e-03 1.058e-03 6.392e-03 -1.000 1.455e-02 1.242 1.354 1.933 1.978 0.646
0.01471 0.00000 10.07918 0.9792752266 2.4684713406    0.976  1.457  3.6575  2.552    3  0.000  0.466     0.00     0.00     0.00     0.00     0.00 -1 -1.91e-11      0.00 6.955e-01 2.900e-01 2.236e-03 1.059e-03 6.392e-03 -1.000 1.455e-02 1.127 1.248 1.834 1.880 0.535
0.01471 0.00000 10.07918 0.9794857502 2.4685175726    0.976  1.489  3.6560  2.514    3  0.000  0.466     0.00     0.00     0.00     0.00     0.00 -1 -2.15e-11      0.00 6.955e-01 2.900e-01 2.236e-03 1.059e-03 6.392e-03 -1.000 1.455e-02 1.048 1.175 1.766 1.812 0.458
0.01471 0.00000 10.07918 0.9796171784 2.4685464232    0.976  1.466  3.6575  2.543    3  0.000  0.466     0.00     0.00     0.00     0.00     0.00 -1    -2e-11      0.00 6.954e-01 2.900e-01 2.236e-03 1.059e-03 6.392e-03 -1.000 1.455e-02 1.104 1.225 1.811 1.857 0.512
0.01471 0.00000 10.07918 0.9797391295 2.4685731855    0.976  1.429  3.6599  2.590    3  0.000  0.466     0.00     0.00     0.00     0.00     0.00 -1 -1.75e-11      0.00 6.954e-01 2.900e-01 2.236e-03 1.060e-03 6.392e-03 -1.000 1.455e-02 1.197 1.308 1.887 1.932 0.600
0.01471 0.00000 10.07918 0.9797667861 2.4685792537    0.976  1.420  3.6605  2.601    3  0.000  0.466     0.00     0.00     0.00     0.00     0.00 -1 -1.68e-11      0.00 6.954e-01 2.900e-01 2.236e-03 1.060e-03 6.393e-03 -1.000 1.455e-02 1.219 1.328 1.905 1.950 0.621
0.01471 0.00000 10.07918 0.9799240232 2.4686137461    0.976  1.469  3.6579  2.542    3  0.000  0.466     0.00     0.00     0.00     0.00     0.00 -1 -1.99e-11      0.00 6.954e-01 2.900e-01 2.236e-03 1.060e-03 6.393e-03 -1.000 1.455e-02 1.097 1.217 1.802 1.847 0.504
0.01471 0.00000 10.07918 0.9800809622 2.4686481603    0.976  1.518  3.6552  2.483    3  0.000  0.466     0.00     0.00     0.00     0.00     0.00 -1 -2.38e-11      0.00 6.954e-01 2.900e-01 2.235e-03 1.060e-03 6.393e-03 -1.000 1.455e-02 0.976 1.106 1.700 1.746 0.388
0.01471 0.00000 10.07918 0.9802306890 2.4686809812    0.976  1.567  3.6524  2.423    3  0.000  0.466     0.00     0.00     0.00     0.00     0.00 -1 -2.85e-11      0.00 6.954e-01 2.900e-01 2.235e-03 1.060e-03 6.393e-03 -1.000 1.455e-02 0.853 0.995 1.598 1.644 0.269
0.01471 0.00000 10.07918 0.9803687334 2.4687112310    0.976  1.616  3.6496  2.362    3  0.000  0.466     0.00     0.00     0.00     0.00     0.00 -1 -3.42e-11      0.00 6.954e-01 2.900e-01 2.235e-03 1.061e-03 6.393e-03 -1.000 1.455e-02 0.730 0.884 1.497 1.544 0.151
0.01471 0.00000 10.07918 0.9804928303 2.4687384162    0.976  1.664  3.6469  2.303    3  0.000  0.466     0.00     0.00     0.00     0.00     0.00 -1 -4.09e-11      0.00 6.954e-01 2.900e-01 2.235e-03 1.061e-03 6.393e-03 -1.000 1.455e-02 0.611 0.777 1.401 1.449 0.037
0.01471 0.00000 10.07918 0.9806070328 2.4687634268    0.976  1.711  3.6440  2.244    3  0.000  0.466     0.00     0.00     0.00     0.00     0.00 -1 -4.89e-11      0.00 6.954e-01 2.900e-01 2.235e-03 1.061e-03 6.393e-03 -1.000 1.455e-02 0.492 0.671 1.306 1.354 -0.077
0.01471 0.00000 10.07918 0.9807114005 2.4687862778    0.976  1.759  3.6411  2.185    3  0.000  0.466     0.00     0.00     0.00     0.00     0.00 -1 -5.84e-11      0.00 6.954e-01 2.900e-01 2.235e-03 1.061e-03 6.393e-03 -1.000 1.455e-02 0.372 0.565 1.211 1.259 -0.191
0.01471 0.00000 10.07918 0.9808056355 2.4688069054    0.976  1.806  3.6382  2.126    3  0.000  0.466     0.00     0.00     0.00     0.00     0.00 -1 -6.96e-11      0.00 6.954e-01 2.900e-01 2.235e-03 1.061e-03 6.393e-03 -1.000 1.455e-02 0.255 0.463 1.120 1.169 -0.302
0.01471 0.00000 10.07918 0.9808899760 2.4688253633    0.976  1.852  3.6353  2.069    3  0.000  0.466     0.00     0.00     0.00     0.00     0.00 -1 -8.27e-11      0.00 6.954e-01 2.901e-01 2.235e-03 1.061e-03 6.393e-03 -1.000 1.455e-02 0.141 0.363 1.033 1.082 -0.409
0.01471 0.00000 10.07918 0.9809685946 2.4688425657    0.975  1.898  3.6323  2.011    3  0.000  0.466     0.00     0.00     0.00     0.00     0.00 -1 -9.83e-11      0.00 6.954e-01 2.901e-01 2.235e-03 1.062e-03 6.393e-03 -1.000 1.455e-02 0.025 0.264 0.946 0.995 -0.517
0.01471 0.00000 10.07918 0.9810401797 2.4688582263    0.975  1.944  3.6293  1.953    3  0.000  0.466     0.00     0.00     0.00     0.00     0.00 -1 -1.17e-10      0.00 6.954e-01 2.901e-01 2.234e-03 1.062e-03 6.393e-03 -1.000 1.455e-02 -0.089 0.165 0.858 0.908 -0.622
0.01471 0.00000 10.07918 0.9811040759 2.4688722026    0.975  1.988  3.6264  1.896    3  0.000  0.466     0.00     0.00     0.00     0.00     0.00 -1 -1.38e-10      0.00 6.954e-01 2.901e-01 2.234e-03 1.062e-03 6.393e-03 -1.000 1.455e-02 -0.200 0.071 0.775 0.825 -0.724
0.01471 0.00000 10.07918 0.9811635613 2.4688852123    0.975  2.033  3.6233  1.839    3  0.000  0.466     0.00     0.00     0.00     0.00     0.00 -1 -1.64e-10      0.00 6.954e-01 2.901e-01 2.234e-03 1.062e-03 6.393e-03 -1.000 1.455e-02 -0.313 -0.024 0.690 0.740 -0.826
0.01471 0.00000 10.07918 0.9812167883 2.4688968516    0.974  2.077  3.6203  1.783    3  0.000  0.466     0.00     0.00     0.00     0.00     0.00 -1 -1.93e-10      0.00 6.954e-01 2.901e-01 2.234e-03 1.062e-03 6.393e-03 -1.000 1.455e-02 -0.423 -0.117 0.607 0.657 -0.926
0.01471 0.00000 10.07918 0.9812660813 2.4689076294    0.974  2.121  3.6172  1.726    3  0.000  0.466     0.00     0.00     0.00     0.00     0.00 -1 -2.28e-10      0.00 6.954e-01 2.901e-01 2.234e-03 1.062e-03 6.393e-03 -1.000 1.455e-02 -0.533 -0.208 0.527 0.577 -1.024
0.01471 0.00000 10.07918 0.9813113809 2.4689175330    0.973  2.165  3.6141  1.670    3  0.000  0.466     0.00     0.00     0.00     0.00     0.00 -1  -2.7e-10      0.00 6.954e-01 2.901e-01 2.234e-03 1.062e-03 6.393e-03 -1.000 1.455e-02 -0.643 -0.299 0.447 0.497 -1.122
0.01471 0.00000 10.07918 0.9813515544 2.4689263150    0.973  2.207  3.6111  1.615    3  0.000  0.466     0.00     0.00     0.00     0.00     0.00 -1 -3.17e-10      0.00 6.954e-01 2.901e-01 2.234e-03 1.062e-03 6.393e-03 -1.000 1.455e-02 -0.748 -0.385 0.369 0.420 -1.215
0.01471 0.00000 10.07918 0.9813898802 2.4689346923    0.972  2.250  3.6079  1.559    3  0.000  0.466     0.00     0.00     0.00     0.00     0.00 -1 -3.73e-10      0.00 6.954e-01 2.901e-01 2.234e-03 1.062e-03 6.393e-03 -1.000 1.455e-02 -0.856 -0.473 0.292 0.343 -1.310
0.01471 0.00000 10.07918 0.9814242125 2.4689421961    0.972  2.292  3.6048  1.504    3  0.000  0.466     0.00     0.00     0.00     0.00     0.00 -1 -4.38e-10      0.00 6.954e-01 2.901e-01 2.234e-03 1.062e-03 6.393e-03 -1.000 1.455e-02 -0.961 -0.556 0.219 0.269 -1.402
0.01471 0.00000 10.07918 0.9814558029 2.4689491000    0.971  2.334  3.6016  1.450    3  0.000  0.466     0.00     0.00     0.00     0.00     0.00 -1 -5.13e-10      0.00 6.954e-01 2.901e-01 2.234e-03 1.062e-03 6.393e-03 -1.000 1.455e-02 -1.065 -0.638 0.153 0.203 -1.493
0.01471 0.00000 10.07918 0.9814850092 2.4689554825    0.970  2.375  3.5984  1.395    3  0.000  0.466     0.00     0.00     0.00     0.00     0.00 -1 -6.02e-10      0.00 6.954e-01 2.901e-01 2.234e-03 1.062e-03 6.393e-03 -1.000 1.455e-02 -1.169 -0.718 0.090 0.141 -1.584
0.01471 0.00000 10.07918 0.9815114737 2.4689612654    0.970  2.416  3.5952  1.342    3  0.000  0.466     0.00     0.00     0.00     0.00     0.00 -1 -7.03e-10      0.00 6.954e-01 2.901e-01 2.234e-03 1.062e-03 6.393e-03 -1.000 1.455e-02 -1.269 -0.793 0.034 0.085 -1.670
0.01471 0.00000 10.07918 0.9815360308 2.4689666312    0.969  2.456  3.5920  1.288    3  0.000  0.466     0.00     0.00     0.00     0.00     0.00 -1  -8.2e-10      0.00 6.954e-01 2.901e-01 2.234e-03 1.062e-03 6.393e-03 -1.000 1.455e-02 -1.370 -0.867 -0.021 0.030 -1.756
0.01471 0.00000 10.07918 0.9815590382 2.4689716581    0.968  2.496  3.5887  1.234    3  0.000  0.466     0.00     0.00     0.00     0.00     0.00 -1 -9.58e-10      0.00 6.954e-01 2.901e-01 2.234e-03 1.062e-03 6.393e-03 -1.000 1.455e-02 -1.471 -0.940 -0.073 -0.022 -1.841
0.01471 0.00000 10.07918 0.9815791845 2.4689760597    0.967  2.534  3.5855  1.183    3  0.000  0.466    13.91     9.95     6.91     5.35     4.34  3 -1.11e-09      0.00 6.954e-01 2.901e-01 2.234e-03 1.062e-03 6.393e-03 -1.000 1.455e-02 -1.566 -1.006 -0.115 -0.064 -1.919
0.01471 0.00000 10.07918 0.9815981388 2.4689802006    0.966  2.573  3.5822  1.131    3  0.000  0.466    15.50    10.92     7.55     5.85     4.75  3 -1.29e-09      0.00 6.954e-01 2.901e-01 2.234e-03 1.063e-03 6.393e-03 -1.000 1.455e-02 -1.662 -1.071 -0.158 -0.106 -1.998
0.01471 0.00000 10.07918 0.9816160202 2.4689841070    0.965  2.612  3.5788  1.078    3  0.000  0.466    17.31    12.01     8.27     6.42     5.21  3  -1.5e-09      0.00 6.954e-01 2.901e-01 2.234e-03 1.063e-03 6.393e-03 -1.000 1.455e-02 -1.759 -1.135 -0.194 -0.143 -2.075
0.01471 0.00000 10.07918 0.9816359282 2.4689884559    0.964  2.658  3.5747  1.015    3  0.000  0.466    19.75    13.46     9.22     7.17     5.82  3 -1.79e-09      0.00 6.954e-01 2.901e-01 2.234e-03 1.063e-03 6.393e-03 -1.000 1.455e-02 -1.875 -1.204 -0.224 -0.173 -2.164
0.01471 0.00000 10.07918 0.9816540480 2.4689924140    0.962  2.703  3.5705  0.952    3  0.000  0.466    22.52    15.08    10.28     8.01     6.50  3 -2.14e-09      0.00 6.954e-01 2.901e-01 2.234e-03 1.063e-03 6.393e-03 -1.000 1.455e-02 -1.989 -1.270 -0.249 -0.198 -2.250
0.01471 0.00000 10.07918 0.9816703200 2.4689959684    0.960  2.747  3.5663  0.890    3  0.000  0.466    25.61    16.85    11.43     8.92     7.24  3 -2.54e-09      0.00 6.954e-01 2.901e-01 2.234e-03 1.063e-03 6.393e-03 -1.000 1.455e-02 -2.099 -1.323 -0.249 -0.198 -2.328
0.01471 0.00000 10.07918 0.9816854596 2.4689992752    0.959  2.791  3.5620  0.829    3  0.000  0.466    29.11    18.83    12.70     9.93     8.07  2 -3.02e-09      0.00 6.954e-01 2.901e-01 2.234e-03 1.063e-03 6.393e-03 -1.000 1.455e-02 -2.208 -1.374 -0.245 -0.194 -2.403
0.01471 0.00000 10.07918 0.9816994071 2.4690023216    0.957  2.834  3.5578  0.768    3  0.000  0.466    33.04    21.00    14.10    11.04     8.97  2 -3.58e-09      0.00 6.954e-01 2.901e-01 2.234e-03 1.063e-03 6.393e-03 -1.000 1.455e-02 -2.315 -1.419 -0.226 -0.176 -2.473
0.01471 0.00000 10.07918 0.9817118645 2.4690050424    0.954  2.875  3.5536  0.709    3  0.000  0.466    37.37    23.36    15.60    12.24     9.95  2 -4.22e-09      0.00 6.954e-01 2.901e-01 2.234e-03 1.063e-03 6.393e-03 -1.000 1.455e-02 -2.419 -1.456 -0.191 -0.142 -2.536
0.01471 0.00000 10.07918 0.9817235470 2.4690075939    0.952  2.917  3.5493  0.649    3  0.000  0.466    42.29    25.99    17.28    13.57    11.04  2 -4.98e-09      0.00 6.954e-01 2.901e-01 2.234e-03 1.063e-03 6.393e-03 -1.000 1.455e-02 -2.521 -1.489 -0.148 -0.099 -2.596
0.01471 0.00000 10.07918 0.9817344546 2.4690099761    0.949  2.957  3.5450  0.590    3  0.000  0.466    47.85    28.91    19.13    15.05    12.24  2 -5.86e-09      0.00 6.954e-01 2.901e-01 2.234e-03 1.063e-03 6.393e-03 -1.000 1.455e-02 -2.623 -1.510 -0.078 -0.030 -2.645
0.01471 0.00000 10.07918 0.9817442894 2.4690121240    0.947  2.996  3.5407  0.533    3  0.000  0.466    53.92    32.05    21.10    16.63    13.53  2 -6.86e-09      0.00 6.954e-01 2.901e-01 2.234e-03 1.063e-03 6.393e-03 -1.000 1.455e-02 -2.721 -1.528 -0.007 0.041 -2.691
0.01471 0.00000 10.07918 0.9817534685 2.4690141286    0.944  3.035  3.5364  0.476    3  0.000  0.466    60.73    35.50    23.27    18.37    14.95  2 -8.02e-09      0.00 6.954e-01 2.901e-01 2.234e-03 1.063e-03 6.393e-03 -1.000 1.455e-02 -2.817 -1.533 0.092 0.139 -2.726
0.01471 0.00000 10.07918 0.9817619920 2.4690159900    0.941  3.072  3.5321  0.419    3  0.000  0.466    68.25    39.26    25.61    20.25    16.48  2 -9.35e-09      0.00 6.954e-01 2.901e-01 2.234e-03 1.063e-03 6.393e-03 -1.000 1.455e-02 -2.911 -1.533 0.201 0.247 -2.755
0.01471 0.00000 10.07918 0.9817699790 2.4690177342    0.937  3.110  3.5278  0.363    3  0.000  0.466    76.72    43.41    28.19    22.33    18.18  1 -1.09e-08      0.00 6.954e-01 2.901e-01 2.234e-03 1.063e-03 6.393e-03 -1.000 1.455e-02 -3.004 -1.523 0.327 0.372 -2.774
0.01471 0.00000 10.07918 0.9817771316 2.4690192961    0.933  3.145  3.5235  0.309    3  0.000  0.466    85.87    47.83    30.92    24.53    19.97  1 -1.26e-08      0.00 6.954e-01 2.901e-01 2.234e-03 1.063e-03 6.393e-03 -1.000 1.455e-02 -3.092 -1.500 0.471 0.514 -2.779
0.01471 0.00000 10.07918 0.9817839861 2.4690207930    0.929  3.180  3.5192  0.254    3  0.000  0.466    96.24    52.75    33.95    26.98    21.97  1 -1.46e-08      0.00 6.954e-01 2.901e-01 2.234e-03 1.063e-03 6.393e-03 -1.000 1.455e-02 -3.181 -1.468 0.631 0.672 -2.777
0.01471 0.00000 10.07918 0.9817902446 2.4690221596    0.925  3.214  3.5149  0.202    3  0.000  0.466   107.38    57.95    37.13    29.55    24.07  1 -1.68e-08      0.00 6.954e-01 2.901e-01 2.234e-03 1.063e-03 6.393e-03 -1.000 1.455e-02 -3.265 -1.414 0.823 0.862 -2.750
0.01471 0.00000 10.07918 0.9817962050 2.4690234612    0.920  3.248  3.5106  0.148    3  0.000  0.466   119.95    63.71    40.65    32.40    26.40  1 -1.93e-08      0.00 6.954e-01 2.901e-01 2.234e-03 1.063e-03 6.393e-03 -1.000 1.455e-02 -3.350 -1.355 1.022 1.059 -2.721
0.01471 0.00000 10.07918 0.9818018675 2.4690246976    0.915  3.281  3.5063  0.095    3  0.000  0.466   133.95    70.03    44.48    35.51    28.94  1 -2.23e-08      0.00 6.954e-01 2.901e-01 2.234e-03 1.063e-03 6.393e-03 -1.000 1.455e-02 -3.433 -1.310 1.182 1.216 -2.699
0.01471 0.00000 10.07918 0.9818071723 2.4690258560    0.909  3.314  3.5020  0.043    3  0.000  0.466   149.42    76.88    48.63    38.88    31.69  1 -2.56e-08      0.00 6.954e-01 2.901e-01 2.234e-03 1.063e-03 6.393e-03 -1.000 1.455e-02 -3.514 -1.256 1.350 1.382 -2.669
0.01471 0.00000 10.07918 0.9818122387 2.4690269623    0.903  3.346  3.4977 -0.009    3  0.000  0.466   163.87    84.35    53.12    42.54    34.68  1 -2.93e-08      0.00 6.954e-01 2.901e-01 2.234e-03 1.063e-03 6.393e-03 -1.000 1.455e-02 -3.595 -1.201 1.508 1.538 -2.636
0.01471 0.00000 10.07918 0.9818180203 2.4690282247    0.895  3.382  3.4928 -0.069    3  0.000  0.466   178.99    93.74    58.74    47.14    38.43  1 -3.43e-08      0.00 6.954e-01 2.901e-01 2.234e-03 1.063e-03 6.394e-03 -1.000 1.455e-02 -3.685 -1.144 1.667 1.695 -2.601
0.01471 0.00000 10.07918 0.9818215966 2.4690290056    0.890  3.404  3.4898 -0.105    3  0.000  0.466   188.89    99.98    62.46    50.18    40.92  1 -3.77e-08      0.00 6.954e-01 2.901e-01 2.234e-03 1.063e-03 6.394e-03 -1.000 1.455e-02 -3.740 -1.109 1.761 1.787 -2.580
0.01471 0.00000 10.07918 0.9818215966 2.4690290056    0.890  1.667  3.6682  2.345    4  0.000  0.474     0.00     0.00     0.00     0.00     0.00 -1    -1e-30      0.00 6.964e-01 2.890e-01 2.269e-03 1.019e-03 6.389e-03 -1.000 1.456e-02 0.603 0.681 1.236 1.280 -0.007
0.01471 0.00000 10.07918 0.9819001555 2.4690461574    0.890  1.675  3.6677  2.335    4  0.000  0.474     0.00     0.00     0.00     0.00     0.00 -1    -1e-30      0.00 6.964e-01 2.890e-01 2.269e-03 1.019e-03 6.389e-03 -1.000 1.456e-02 0.583 0.663 1.219 1.264 -0.026
0.01471 0.00000 10.07918 0.9819724560 2.4690619401    0.890  1.678  3.6675  2.332    4  0.000  0.474     0.00     0.00     0.00     0.00     0.00 -1    -1e-30      0.00 6.964e-01 2.890e-01 2.269e-03 1.019e-03 6.389e-03 -1.000 1.456e-02 0.575 0.655 1.212 1.257 -0.034
0.01471 0.00000 10.07918 0.9820460677 2.4690780062    0.890  1.678  3.6678  2.333    4  0.000  0.474     0.00     0.00     0.00     0.00     0.00 -1    -1e-30      0.00 6.964e-01 2.890e-01 2.269e-03 1.019e-03 6.389e-03 -1.000 1.456e-02 0.576 0.655 1.211 1.256 -0.034
0.01471 0.00000 10.07918 0.9821201563 2.4690941736    0.890  1.675  3.6682  2.337    4  0.000  0.474     0.00     0.00     0.00     0.00     0.00 -1    -1e-30      0.00 6.964e-01 2.890e-01 2.269e-03 1.019e-03 6.389e-03 -1.000 1.456e-02 0.582 0.659 1.214 1.259 -0.029
0.01471 0.00000 10.07918 0.9821923375 2.4691099220    0.890  1.672  3.6688  2.342    4  0.000  0.474     0.00     0.00     0.00     0.00     0.00 -1    -1e-30      0.00 6.964e-01 2.890e-01 2.269e-03 1.019e-03 6.389e-03 -1.000 1.456e-02 0.589 0.664 1.218 1.262 -0.022
0.01471 0.00000 10.07918 0.9822681546 2.4691264609    0.890  1.669  3.6694  2.348    4  0.000  0.474     0.00     0.00     0.00     0.00     0.00 -1    -1e-30      0.00 6.964e-01 2.890e-01 2.269e-03 1.019e-03 6.389e-03 -1.000 1.456e-02 0.597 0.670 1.221 1.266 -0.015
0.01471 0.00000 10.07918 0.9823420048 2.4691425679    0.890  1.666  3.6699  2.353    4  0.000  0.474     0.00     0.00     0.00     0.00     0.00 -1    -1e-30      0.00 6.964e-01 2.890e-01 2.269e-03 1.019e-03 6.389e-03 -1.000 1.456e-02 0.604 0.676 1.225 1.269 -0.008
0.01471 0.00000 10.07918 0.9824169874 2.4691589191    0.891  1.663  3.6705  2.358    4  0.000  0.474     0.00     0.00     0.00     0.00     0.00 -1    -1e-30      0.00 6.964e-01 2.890e-01 2.269e-03 1.019e-03 6.389e-03 -1.000 1.456e-02 0.612 0.681 1.229 1.273 -0.001
0.01471 0.00000 10.07918 0.9824914932 2.4691751634    0.891  1.660  3.6710  2.363    4  0.000  0.474     0.00     0.00     0.00     0.00     0.00 -1    -1e-30      0.00 6.964e-01 2.890e-01 2.269e-03 1.019e-03 6.389e-03 -1.000 1.456e-02 0.619 0.686 1.233 1.277 0.005
0.01471 0.00000 10.07918 0.9825682640 2.4691918986    0.891  1.658  3.6714  2.368    4  0.000  0.474     0.00     0.00     0.00     0.00     0.00 -1    -1e-30      0.00 6.964e-01 2.890e-01 2.269e-03 1.019e-03 6.389e-03 -1.000 1.456e-02 0.625 0.691 1.236 1.280 0.011
0.01471 0.00000 10.07918 0.9826487899 2.4692094491    0.891  1.656  3.6719  2.372    4  0.000  0.474     0.00     0.00     0.00     0.00     0.00 -1    -1e-30      0.00 6.964e-01 2.890e-01 2.269e-03 1.019e-03 6.389e-03 -1.000 1.456e-02 0.631 0.695 1.239 1.283 0.016
0.01471 0.00000 10.07918 0.9827295542 2.4692270482    0.891  1.654  3.6723  2.375    4  0.000  0.474     0.00     0.00     0.00     0.00     0.00 -1    -1e-30      0.00 6.964e-01 2.890e-01 2.269e-03 1.019e-03 6.389e-03 -1.000 1.456e-02 0.636 0.699 1.241 1.285 0.020
0.01471 0.00000 10.07918 0.9828084111 2.4692442286    0.891  1.652  3.6726  2.378    4  0.000  0.474     0.00     0.00     0.00     0.00     0.00 -1    -1e-30      0.00 6.964e-01 2.890e-01 2.269e-03 1.019e-03 6.389e-03 -1.000 1.456e-02 0.640 0.702 1.243 1.287 0.024
0.01471 0.00000 10.07918 0.9828342199 2.4692498508    0.891  1.652  3.6727  2.379    4  0.000  0.474     0.00     0.00     0.00     0.00     0.00 -1    -1e-30      0.00 6.964e-01 2.890e-01 2.269e-03 1.019e-03 6.389e-03 -1.000 1.456e-02 0.641 0.702 1.244 1.288 0.025
0.01471 0.00000 10.07918 0.9828588963 2.4692552259    0.891  1.651  3.6728  2.380    4  0.000  0.474     0.00     0.00     0.00     0.00     0.00 -1    -1e-30      0.00 6.964e-01 2.890e-01 2.269e-03 1.019e-03 6.389e-03 -1.000 1.456e-02 0.642 0.703 1.244 1.288 0.026
0.01471 0.00000 10.07918 0.9829353690 2.4692718818    0.891  1.650  3.6731  2.382    4  0.000  0.474     0.00     0.00     0.00     0.00     0.00 -1    -1e-30      0.00 6.964e-01 2.890e-01 2.269e-03 1.019e-03 6.389e-03 -1.000 1.456e-02 0.645 0.705 1.245 1.289 0.028
0.01471 0.00000 10.07918 0.9830096364 2.4692880546    0.891  1.649  3.6733  2.384    4  0.000  0.474     0.00     0.00     0.00     0.00     0.00 -1    -1e-30      0.00 6.964e-01 2.890e-01 2.269e-03 1.019e-03 6.389e-03 -1.000 1.456e-02 0.646 0.706 1.245 1.289 0.030
0.01471 0.00000 10.07918 0.9830808640 2.4693035627    0.891  1.649  3.6735  2.385    4  0.000  0.474     0.00     0.00     0.00     0.00     0.00 -1    -1e-30      0.00 6.964e-01 2.890e-01 2.269e-03 1.019e-03 6.389e-03 -1.000 1.456e-02 0.648 0.707 1.246 1.290 0.031
0.01471 0.00000 10.07918 0.9831574559 2.4693202358    0.891  1.649  3.6736  2.386    4  0.000  0.474     0.00     0.00     0.00     0.00     0.00 -1    -1e-30      0.00 6.964e-01 2.890e-01 2.269e-03 1.019e-03 6.389e-03 -1.000 1.456e-02 0.648 0.706 1.245 1.289 0.031
0.01471 0.00000 10.07918 0.9832298756 2.4693359980    0.891  1.649  3.6736  2.386    4  0.000  0.474     0.00     0.00     0.00     0.00     0.00 -1    -1e-30      0.00 6.964e-01 2.890e-01 2.269e-03 1.019e-03 6.389e-03 -1.000 1.456e-02 0.647 0.705 1.244 1.288 0.030
0.01471 0.00000 10.07918 0.9833041430 2.4693521596    0.892  1.650  3.6737  2.385    4  0.000  0.474     0.00     0.00     0.00     0.00     0.00 -1    -1e-30      0.00 6.964e-01 2.890e-01 2.269e-03 1.019e-03 6.389e-03 -1.000 1.456e-02 0.645 0.704 1.242 1.286 0.029
0.01471 0.00000 10.07918 0.9833769202 2.4693679942    0.892  1.651  3.6736  2.384    4  0.000  0.474     0.00     0.00     0.00     0.00     0.00 -1    -1e-30      0.00 6.964e-01 2.890e-01 2.269e-03 1.019e-03 6.389e-03 -1.000 1.456e-02 0.642 0.701 1.239 1.283 0.026
0.01471 0.00000 10.07918 0.9833820462 2.4693691094    0.892  1.651  3.6736  2.383    4  0.000  0.474     0.00     0.00     0.00     0.00     0.00 -1    -1e-30      0.00 6.964e-01 2.890e-01 2.269e-03 1.019e-03 6.389e-03 -1.000 1.456e-02 0.642 0.701 1.239 1.283 0.025
0.01471 0.00000 10.07918 0.9834251404 2.4693784842    0.892  1.652  3.6735  2.382    4  0.000  0.474     0.00     0.00     0.00     0.00     0.00 -1    -1e-30      0.00 6.964e-01 2.890e-01 2.269e-03 1.019e-03 6.389e-03 -1.000 1.456e-02 0.640 0.698 1.237 1.281 0.023
0.01471 0.00000 10.07918 0.9834970236 2.4693941199    0.892  1.654  3.6734  2.380    4  0.000  0.474     0.00     0.00     0.00     0.00     0.00 -1    -1e-30      0.00 6.964e-01 2.890e-01 2.269e-03 1.019e-03 6.389e-03 -1.000 1.456e-02 0.635 0.694 1.233 1.277 0.018
0.01471 0.00000 10.07918 0.9835686684 2.4694097010    0.892  1.657  3.6732  2.376    4  0.000  0.474     0.00     0.00     0.00     0.00     0.00 -1    -1e-30      0.00 6.964e-01 2.890e-01 2.269e-03 1.019e-03 6.389e-03 -1.000 1.456e-02 0.628 0.688 1.228 1.272 0.012
0.01471 0.00000 10.07918 0.9836385250 2.4694248908    0.892  1.660  3.6729  2.372    4  0.000  0.474     0.00     0.00     0.00     0.00     0.00 -1    -1e-30      0.00 6.964e-01 2.890e-01 2.269e-03 1.019e-03 6.389e-03 -1.000 1.456e-02 0.620 0.681 1.222 1.266 0.004
0.01471 0.00000 10.07918 0.9837105870 2.4694405575    0.892  1.664  3.6725  2.367    4  0.000  0.474     0.00     0.00     0.00     0.00     0.00 -1    -1e-30      0.00 6.964e-01 2.890e-01 2.269e-03 1.019e-03 6.389e-03 -1.000 1.456e-02 0.611 0.673 1.215 1.259 -0.004
0.01471 0.00000 10.07918 0.9837824106 2.4694561698    0.892  1.669  3.6720  2.360    4  0.000  0.474     0.00     0.00     0.00     0.00     0.00 -1    -1e-30      0.00 6.964e-01 2.890e-01 2.269e-03 1.019e-03 6.389e-03 -1.000 1.456e-02 0.599 0.662 1.206 1.250 -0.017
0.01471 0.00000 10.07918 0.9838539362 2.4694717146    0.892  1.675  3.6714  2.352    4  0.000  0.474     0.00     0.00     0.00     0.00     0.00 -1    -1e-30      0.00 6.964e-01 2.890e-01 2.269e-03 1.019e-03 6.389e-03 -1.000 1.456e-02 0.583 0.649 1.194 1.239 -0.031
0.01471 0.00000 10.07918 0.9839251637 2.4694871921    0.892  1.681  3.6708  2.342    4  0.000  0.474     0.00     0.00     0.00     0.00     0.00 -1    -1e-30      0.00 6.964e-01 2.890e-01 2.269e-03 1.019e-03 6.389e-03 -1.000 1.456e-02 0.567 0.635 1.182 1.227 -0.047
0.01471 0.00000 10.07918 0.9839959741 2.4695025764    0.892  1.689  3.6700  2.332    4  0.000  0.474     0.00     0.00     0.00     0.00     0.00 -1    -1e-30      0.00 6.964e-01 2.890e-01 2.269e-03 1.019e-03 6.389e-03 -1.000 1.456e-02 0.548 0.619 1.168 1.213 -0.065
0.01471 0.00000 10.07918 0.9840676188 2.4695181394    0.892  1.694  3.6695  2.325    4  0.000  0.474     0.00     0.00     0.00     0.00     0.00 -1    -1e-30      0.00 6.964e-01 2.890e-01 2.269e-03 1.019e-03 6.389e-03 -1.000 1.456e-02 0.536 0.608 1.159 1.204 -0.077
0.01471 0.00000 10.07918 0.9841409326 2.4695340623    0.893  1.709  3.6680  2.303    4  0.000  0.474     0.00     0.00     0.00     0.00     0.00 -1    -1e-30      0.00 6.964e-01 2.890e-01 2.269e-03 1.019e-03 6.389e-03 -1.000 1.456e-02 0.497 0.575 1.131 1.176 -0.114
0.01471 0.00000 10.07918 0.9842120409 2.4695495035    0.893  1.736  3.6655  2.267    4  0.000  0.474     0.00     0.00     0.00     0.00     0.00 -1    -1e-30      0.00 6.964e-01 2.890e-01 2.269e-03 1.019e-03 6.389e-03 -1.000 1.456e-02 0.431 0.518 1.082 1.127 -0.177
0.01471 0.00000 10.07918 0.9842644334 2.4695608790    0.893  1.773  3.6620  2.216    4  0.000  0.474     0.00     0.00     0.00     0.00     0.00 -1    -1e-30      0.00 6.964e-01 2.890e-01 2.269e-03 1.019e-03 6.389e-03 -1.000 1.456e-02 0.338 0.439 1.014 1.060 -0.265
0.01471 0.00000 10.07918 0.9842924476 2.4695669608    0.893  1.810  3.6584  2.164    4  0.000  0.474     0.00     0.00     0.00     0.00     0.00 -1    -1e-30      0.00 6.964e-01 2.890e-01 2.269e-03 1.019e-03 6.389e-03 -1.000 1.456e-02 0.245 0.360 0.946 0.993 -0.353
0.01471 0.00000 10.07918 0.9843077064 2.4695702733    0.893  1.848  3.6548  2.112    4  0.000  0.474     0.00     0.00     0.00     0.00     0.00 -1    -1e-30      0.00 6.964e-01 2.890e-01 2.269e-03 1.019e-03 6.389e-03 -1.000 1.456e-02 0.149 0.279 0.878 0.925 -0.443
0.01471 0.00000 10.07918 0.9843159318 2.4695720589    0.893  1.887  3.6513  2.059    4  0.000  0.474     0.00     0.00     0.00     0.00     0.00 -1    -1e-30      0.00 6.964e-01 2.890e-01 2.269e-03 1.019e-03 6.389e-03 -1.000 1.456e-02 0.053 0.198 0.809 0.857 -0.533
0.01471 0.00000 10.07918 0.9843202829 2.4695730035    0.893  1.924  3.6478  2.007    4  0.000  0.474     0.00     0.00     0.00     0.00     0.00 -1    -1e-30      0.00 6.964e-01 2.890e-01 2.269e-03 1.019e-03 6.389e-03 -1.000 1.456e-02 -0.041 0.119 0.743 0.791 -0.621
0.01471 0.00000 10.07918 0.9843227863 2.4695735469    0.893  1.962  3.6443  1.956    4  0.000  0.474     0.00     0.00     0.00     0.00     0.00 -1    -1e-30      0.00 6.964e-01 2.890e-01 2.269e-03 1.019e-03 6.389e-03 -1.000 1.456e-02 -0.136 0.041 0.677 0.725 -0.707
0.01471 0.00000 10.07918 0.9843244553 2.4695739092    0.893  1.999  3.6411  1.906    4  0.000  0.474     0.00     0.00     0.00     0.00     0.00 -1    -1e-30      0.00 6.964e-01 2.890e-01 2.269e-03 1.019e-03 6.389e-03 -1.000 1.456e-02 -0.226 -0.034 0.612 0.661 -0.791
0.01471 0.00000 10.07918 0.9843254685 2.4695741291    0.893  2.028  3.6385  1.867    7  0.000  0.474     0.00     0.00     0.00     0.00     0.00 -1    -1e-30      0.00 6.964e-01 2.890e-01 2.269e-03 1.019e-03 6.389e-03 -1.000 1.456e-02 -0.299 -0.094 0.561 0.610 -0.856
0.01471 0.00000 10.07918 0.9843257070 2.4695741809    0.893  2.036  3.6377  1.856    7  0.000  0.474     0.00     0.00     0.00     0.00     0.00 -1    -1e-30      0.00 6.964e-01 2.890e-01 2.269e-03 1.019e-03 6.389e-03 -1.000 1.456e-02 -0.320 -0.111 0.547 0.596 -0.875
0.01471 0.00000 10.07918 0.9843268394 2.4695744267    0.893  2.076  3.6342  1.801    7  0.000  0.474     0.00     0.00     0.00     0.00     0.00 -1    -1e-30      0.00 6.964e-01 2.890e-01 2.269e-03 1.019e-03 6.389e-03 -1.000 1.456e-02 -0.421 -0.193 0.476 0.525 -0.966
0.01471 0.00000 10.07918 0.9843279719 2.4695746726    0.893  2.117  3.6306  1.746    7  0.000  0.474     0.00     0.00     0.00     0.00     0.00 -1    -1e-30      0.00 6.964e-01 2.890e-01 2.269e-03 1.019e-03 6.389e-03 -1.000 1.456e-02 -0.523 -0.278 0.404 0.453 -1.058
0.01471 0.00000 10.07918 0.9843296409 2.4695750348    0.893  2.171  3.6259  1.674    7  0.000  0.474     0.00     0.00     0.00     0.00     0.00 -1    -1e-30      0.00 6.964e-01 2.890e-01 2.269e-03 1.019e-03 6.389e-03 -1.000 1.456e-02 -0.656 -0.385 0.312 0.362 -1.176
0.01471 0.00000 10.07918 0.9843326211 2.4695756818    0.893  2.175  3.6256  1.669    7  0.000  0.474     0.00     0.00     0.00     0.00     0.00 -1    -1e-30      0.00 6.964e-01 2.890e-01 2.269e-03 1.019e-03 6.389e-03 -1.000 1.456e-02 -0.667 -0.393 0.304 0.354 -1.185
0.01471 0.00000 10.07918 0.9843381047 2.4695768721    0.893  2.119  3.6306  1.744    7  0.000  0.474     0.00     0.00     0.00     0.00     0.00 -1 -1.04e-30      0.00 6.964e-01 2.890e-01 2.269e-03 1.019e-03 6.389e-03 -1.000 1.456e-02 -0.527 -0.281 0.400 0.449 -1.061
0.01471 0.00000 10.07918 0.9843840003 2.4695868341    0.892  2.093  3.6327  1.778    7  0.000  0.474     0.00     0.00     0.00     0.00     0.00 -1 -5.76e-14      0.00 6.964e-01 2.879e-01 2.269e-03 1.019e-03 6.389e-03 -1.000 1.566e-02 -0.463 -0.228 0.446 0.495 -1.004
0.01471 0.00000 10.07918 0.9844240546 2.4695955273    0.891  2.133  3.6291  1.723    7  0.000  0.474     0.00     0.00     0.00     0.00     0.00 -1 -9.82e-10      0.00 6.964e-01 2.877e-01 2.269e-03 1.019e-03 6.389e-03 -1.000 1.594e-02 -0.562 -0.308 0.378 0.427 -1.092
0.01471 0.00000 10.07918 0.9844557047 2.4696023959    0.889  2.175  3.6254  1.666    7  0.000  0.474     0.00     0.00     0.00     0.00     0.00 -1 -1.23e-09      0.00 6.964e-01 2.877e-01 2.269e-03 1.019e-03 6.389e-03 -1.000 1.594e-02 -0.667 -0.392 0.307 0.356 -1.184
0.01471 0.00000 10.07918 0.9844822884 2.4696081646    0.888  2.215  3.6218  1.610    7  0.000  0.474     0.00     0.00     0.00     0.00     0.00 -1 -1.52e-09      0.00 6.964e-01 2.877e-01 2.269e-03 1.019e-03 6.389e-03 -1.000 1.594e-02 -0.769 -0.474 0.236 0.286 -1.274
0.01471 0.00000 10.07918 0.9845051765 2.4696131311    0.886  2.257  3.6182  1.554    7  0.000  0.474     0.00     0.00     0.00     0.00     0.00 -1 -1.89e-09      0.00 6.964e-01 2.877e-01 2.269e-03 1.019e-03 6.389e-03 -1.000 1.594e-02 -0.871 -0.555 0.166 0.216 -1.364
0.01471 0.00000 10.07918 0.9845249653 2.4696174249    0.885  2.298  3.6145  1.497    7  0.000  0.474     0.00     0.00     0.00     0.00     0.00 -1 -2.34e-09      0.00 6.964e-01 2.877e-01 2.269e-03 1.019e-03 6.389e-03 -1.000 1.594e-02 -0.975 -0.636 0.097 0.147 -1.453
0.01471 0.00000 10.07918 0.9845421314 2.4696211494    0.883  2.339  3.6108  1.440    7  0.000  0.474     0.00     0.00     0.00     0.00     0.00 -1 -2.88e-09      0.00 6.964e-01 2.877e-01 2.269e-03 1.019e-03 6.389e-03 -1.000 1.594e-02 -1.078 -0.716 0.033 0.084 -1.544
0.01471 0.00000 10.07918 0.9845573306 2.4696244471    0.881  2.381  3.6072  1.383    7  0.000  0.474     0.00     0.00     0.00     0.00     0.00 -1 -3.56e-09      0.00 6.964e-01 2.877e-01 2.269e-03 1.019e-03 6.389e-03 -1.000 1.594e-02 -1.182 -0.795 -0.028 0.023 -1.634
0.01471 0.00000 10.07918 0.9845706820 2.4696273437    0.879  2.422  3.6035  1.326    7  0.000  0.474     0.00     0.00     0.00     0.00     0.00 -1 -4.37e-09      0.00 6.964e-01 2.877e-01 2.269e-03 1.019e-03 6.389e-03 -1.000 1.594e-02 -1.284 -0.872 -0.086 -0.035 -1.722
0.01471 0.00000 10.07918 0.9845827222 2.4696299558    0.876  2.462  3.5999  1.270    7  0.000  0.474     0.00     0.00     0.00     0.00     0.00 -1 -5.37e-09      0.00 6.964e-01 2.877e-01 2.269e-03 1.019e-03 6.389e-03 -1.000 1.594e-02 -1.386 -0.947 -0.143 -0.092 -1.809
0.01471 0.00000 10.07918 0.9845938683 2.4696323738    0.874  2.503  3.5962  1.213    7  0.000  0.473    12.64     9.17     6.38     4.95     4.01  3 -6.59e-09      0.00 6.964e-01 2.877e-01 2.268e-03 1.019e-03 6.389e-03 -1.000 1.594e-02 -1.487 -1.018 -0.193 -0.142 -1.893
0.01471 0.00000 10.07918 0.9846042991 2.4696346367    0.871  2.543  3.5923  1.156    7  0.000  0.473    14.23    10.16     7.03     5.46     4.43  3 -8.09e-09      0.00 6.964e-01 2.877e-01 2.266e-03 1.020e-03 6.389e-03 -1.000 1.593e-02 -1.587 -1.088 -0.240 -0.189 -1.977
0.01471 0.00000 10.07918 0.9846141338 2.4696367701    0.867  2.583  3.5886  1.100    7  0.000  0.473    16.01    11.24     7.74     6.03     4.89  3 -9.94e-09      0.00 6.964e-01 2.877e-01 2.264e-03 1.022e-03 6.389e-03 -1.000 1.588e-02 -1.687 -1.156 -0.285 -0.233 -2.058
0.01471 0.00000 10.07918 0.9846213460 2.4696383347    0.864  2.613  3.5815  1.039    7  0.000  0.472    18.17    12.53     8.59     6.70     5.43  3 -1.16e-08      0.00 6.964e-01 2.877e-01 2.261e-03 1.025e-03 6.389e-03 -1.000 1.586e-02 -1.763 -1.166 -0.246 -0.194 -2.096
0.01471 0.00000 10.07918 0.9846303463 2.4696402870    0.859  2.653  3.5757  0.973    7  0.000  0.470    20.85    14.09     9.61     7.51     6.09  3 -1.43e-08      0.00 6.964e-01 2.877e-01 2.253e-03 1.032e-03 6.389e-03 -1.000 1.586e-02 -1.863 -1.204 -0.231 -0.180 -2.160
0.01471 0.00000 10.07918 0.9846386313 2.4696420842    0.854  2.694  3.5714  0.913    7  0.000  0.469    23.61    15.68    10.64     8.33     6.76  2 -1.75e-08      0.00 6.964e-01 2.877e-01 2.245e-03 1.042e-03 6.389e-03 -1.000 1.586e-02 -1.964 -1.255 -0.242 -0.190 -2.233
0.01471 0.00000 10.07918 0.9846463799 2.4696437650    0.848  2.735  3.5669  0.851    7  0.000  0.467    26.88    17.52    11.82     9.27     7.53  2 -2.15e-08      0.00 6.964e-01 2.877e-01 2.236e-03 1.052e-03 6.389e-03 -1.000 1.586e-02 -2.067 -1.301 -0.234 -0.183 -2.302
0.01471 0.00000 10.07918 0.9846526384 2.4696451225    0.842  2.778  3.5622  0.786    7  0.000  0.465    30.77    19.66    13.20    10.37     8.42  2 -2.67e-08      0.00 6.964e-01 2.877e-01 2.229e-03 1.061e-03 6.389e-03 -1.000 1.586e-02 -2.174 -1.343 -0.214 -0.163 -2.371
0.01471 0.00000 10.07918 0.9846568704 2.4696460405    0.837  2.818  3.5575  0.725    7  0.000  0.464    34.99    21.95    14.66    11.54     9.37  2 -3.26e-08      0.00 6.964e-01 2.877e-01 2.222e-03 1.070e-03 6.389e-03 -1.000 1.586e-02 -2.275 -1.375 -0.176 -0.125 -2.431
0.01471 0.00000 10.07918 0.9846600294 2.4696467257    0.832  2.857  3.5530  0.665    7  0.000  0.463    39.60    24.39    16.21    12.79    10.39  2 -3.94e-08      0.00 6.964e-01 2.877e-01 2.216e-03 1.077e-03 6.389e-03 -1.000 1.586e-02 -2.372 -1.399 -0.121 -0.072 -2.483
0.01471 0.00000 10.07918 0.9846628308 2.4696473333    0.827  2.895  3.5483  0.605    7  0.000  0.462    44.91    27.15    17.96    14.19    11.53  2 -4.74e-08      0.00 6.964e-01 2.877e-01 2.211e-03 1.083e-03 6.389e-03 -1.000 1.586e-02 -2.469 -1.417 -0.053 -0.004 -2.531
0.01471 0.00000 10.07918 0.9846653938 2.4696478893    0.822  2.934  3.5435  0.545    7  0.000  0.461    50.95    30.23    19.90    15.75    12.80  2  -5.7e-08      0.00 6.964e-01 2.878e-01 2.207e-03 1.088e-03 6.389e-03 -1.000 1.584e-02 -2.565 -1.425 0.038 0.087 -2.570
0.01471 0.00000 10.07918 0.9846678376 2.4696484193    0.815  2.973  3.5385  0.483    7  0.000  0.460    58.01    33.77    22.11    17.54    14.25  1 -6.92e-08      0.00 6.964e-01 2.878e-01 2.204e-03 1.092e-03 6.389e-03 -1.000 1.584e-02 -2.662 -1.422 0.154 0.201 -2.601
0.01471 0.00000 10.07918 0.9846699834 2.4696488847    0.809  3.006  3.5340  0.428    7  0.000  0.460    65.01    37.19    24.24    19.26    15.65  1 -8.12e-08      0.00 6.964e-01 2.878e-01 2.202e-03 1.094e-03 6.389e-03 -1.000 1.586e-02 -2.744 -1.406 0.283 0.330 -2.617
0.01471 0.00000 10.07918 0.9846723676 2.4696494019    0.800  3.045  3.5286  0.363    7  0.000  0.459    74.44    41.71    27.04    21.53    17.50  1 -9.85e-08      0.00 6.963e-01 2.878e-01 2.201e-03 1.095e-03 6.389e-03 -1.000 1.591e-02 -2.842 -1.381 0.447 0.492 -2.627
0.01471 0.00000 10.07918 0.9846748114 2.4696499319    0.789  3.083  3.5230  0.296    7  0.000  0.459    85.56    46.90    30.24    24.13    19.62  1 -1.21e-07      0.00 6.963e-01 2.878e-01 2.201e-03 1.095e-03 6.389e-03 -1.000 1.591e-02 -2.937 -1.329 0.658 0.701 -2.613
0.01471 0.00000 10.07918 0.9846773148 2.4696504749    0.775  3.117  3.5178  0.233    7  0.000  0.459    97.48    52.32    33.55    26.83    21.82  1 -1.47e-07      0.00 6.963e-01 2.878e-01 2.201e-03 1.095e-03 6.389e-03 -1.000 1.591e-02 -3.023 -1.264 0.882 0.922 -2.582
0.01471 0.00000 10.07918 0.9846799374 2.4696510437    0.757  3.152  3.5124  0.167    7  0.000  0.459   111.79    58.62    37.38    29.97    24.37  1 -1.82e-07      0.00 6.963e-01 2.878e-01 2.201e-03 1.095e-03 6.389e-03 -1.000 1.591e-02 -3.109 -1.171 1.151 1.189 -2.525
0.01471 0.00000 10.07918 0.9846827984 2.4696516643    0.732  3.177  3.5080  0.110    7  0.000  0.459   125.64    64.46    40.89    32.88    26.74  1 -2.23e-07      0.00 6.963e-01 2.878e-01 2.201e-03 1.095e-03 6.389e-03 -1.000 1.591e-02 -3.172 -1.095 1.357 1.392 -2.476
0.01471 0.00000 10.07918 0.9846835732 2.4696518324    0.725  3.160  3.5102  0.131    7  0.000  0.459   119.87    61.85    39.31    31.59    25.69  1 -2.16e-07      0.00 6.963e-01 2.878e-01 2.201e-03 1.095e-03 6.389e-03 -1.000 1.591e-02 -3.130 -1.120 1.276 1.313 -2.488
0.01471 0.00000 10.07918 0.9846836329 2.4696518453    0.724  3.153  3.5112  0.142    7  0.000  0.459   117.19    60.67    38.59    31.01    25.21  1 -2.11e-07      0.00 6.963e-01 2.878e-01 2.201e-03 1.095e-03 6.389e-03 -1.000 1.591e-02 -3.113 -1.135 1.228 1.266 -2.497
0.01471 0.00000 10.07918 0.9846837521 2.4696518711    0.723  3.144  3.5125  0.155    7  0.000  0.459   113.95    59.23    37.71    30.29    24.63  1 -2.04e-07      0.00 6.963e-01 2.878e-01 2.201e-03 1.095e-03 6.389e-03 -1.000 1.591e-02 -3.091 -1.155 1.168 1.206 -2.508
0.01471 0.00000 10.07918 0.9846838713 2.4696518970    0.722  3.158  3.5105  0.133    7  0.000  0.459   119.40    61.61    39.16    31.47    25.59  1 -2.15e-07      0.00 6.963e-01 2.878e-01 2.201e-03 1.095e-03 6.389e-03 -1.000 1.591e-02 -3.125 -1.123 1.264 1.301 -2.489
0.01471 0.00000 10.07918 0.9846839905 2.4696519228    0.721  3.182  3.5070  0.094    7  0.000  0.459   128.66    66.09    41.87    33.69    27.40  1  -2.4e-07      0.00 6.963e-01 2.878e-01 2.201e-03 1.095e-03 6.389e-03 -1.000 1.591e-02 -3.186 -1.078 1.401 1.436 -2.464
0.01471 0.00000 10.07918 0.9846841097 2.4696519487    0.720  3.206  3.5035  0.056    7  0.000  0.459   136.37    70.76    44.69    36.00    29.28  1 -2.64e-07      0.00 6.963e-01 2.878e-01 2.201e-03 1.095e-03 6.389e-03 -1.000 1.591e-02 -3.244 -1.028 1.542 1.575 -2.433
0.01471 0.00000 10.07918 0.9846842885 2.4696519875    0.718  3.239  3.4985  0.002    7  0.000  0.459   148.12    77.98    49.03    39.56    32.18  1 -3.04e-07      0.00 6.963e-01 2.878e-01 2.201e-03 1.095e-03 6.389e-03 -1.000 1.591e-02 -3.327 -0.950 1.746 1.776 -2.382
0.01471 0.00000 10.07918 0.9846844673 2.4696520263    0.716  3.267  3.4940 -0.046    7  0.000  0.459   159.34    84.97    53.22    42.99    34.98  1 -3.46e-07      0.00 6.963e-01 2.878e-01 2.201e-03 1.095e-03 6.389e-03 -1.000 1.591e-02 -3.398 -0.888 1.899 1.927 -2.341
0.01471 0.00000 10.07918 0.9846847653 2.4696520909    0.711  3.311  3.4871 -0.120    7  0.000  0.459   178.24    96.97    60.36    48.87    39.78  0 -4.21e-07      0.01 6.963e-01 2.878e-01 2.201e-03 1.095e-03 6.389e-03 -1.000 1.591e-02 -3.507 -0.814 2.077 2.102 -2.292
0.01471 0.00000 10.07918 0.9846850038 2.4696521426    0.706  3.343  3.4820 -0.176    7  0.000  0.459   193.74   107.01    66.31    53.78    43.78  0 -4.87e-07      0.01 6.963e-01 2.878e-01 2.201e-03 1.095e-03 6.389e-03 -1.000 1.591e-02 -3.586 -0.785 2.142 2.166 -2.275
0.01471 0.00000 10.07918 0.9846854806 2.4696522460    0.695  3.380  3.4758 -0.245    7  0.000  0.459   201.09    -1.00    -1.00    -1.00    -1.00  0 -5.89e-07      0.01 6.963e-01 2.878e-01 2.201e-03 1.095e-03 6.389e-03 -1.000 1.591e-02 -3.681 -0.762 2.208 2.232 -2.266
0.01471 0.00000 10.07918 0.9846859574 2.4696523495    0.682  3.403  3.4723 -0.290    7  0.000  0.459   194.22    -1.00    -1.00    -1.00    -1.00  0 -6.81e-07      0.02 6.963e-01 2.878e-01 2.201e-03 1.095e-03 6.389e-03 -1.000 1.591e-02 -3.737 -0.751 2.247 2.270 -2.263
0.01471 0.00000 10.07918 0.9900821447 2.4708154113    0.523 -9.999  4.9151  6.624    9  0.523  0.000     0.00     0.00     0.00     0.00     0.00 -1    -1e-30      0.00 6.963e-01 2.890e-01 2.310e-03 1.096e-03 6.404e-03 -1.000 1.462e-02 29.767 35.580 35.390 35.328 35.936
#isochrone terminated
